29190917678437
10112685539782
54949565422046
54252049244317
54164697054869
28283271689587
97323880155873
85532892618352
80901203669626
20940512583565
15526034758245
82105957916743
95801411842562
38057434812882
64009049668051
78424514936147
58718092727450
28062038719567
51901517360187
2853070117838
39476244991224
55384553416120
18971578490720
65299355440673
62881911987430
10870177276989
54614582237377
93904346346141
18178225334392
11621641267857
78600716123075
39506656717404
89382276745998
2766762105641
9360430721109
35077650086212
86799850623848
7206425158331
47668538467659
36592007802206
98740395616589
37774577124006
1220714300791
33130134061150
66212185773596
20768502223870
48515294353901
59898121200089
60417006977950
34974658235936
93606390763185
78773557099117
69436907840207
36972218731321
12656788280338
26453894726989
6802688945755
31776391636535
57206085899366
23986840162950
72771512425681
41007430266123
29005503540585
31370447123315
4901909617654
57043681381636
93266630081898
93090499438437
27071173338812
92540367368518
48644579692723
94867147083626
62757972285887
57710663520424
35157483246684
39322840474370
35080281714987
42021808846003
28654882852501
82578931348380
52613574752467
77114465988826
50992283657058
95721626368189
99775068422407
98626372324496
58278452867585
83929543718418
83714037142002
64115689585343
95442701580188
14962835989466
12954667870345
67991390177766
845988273983
79190883345654
9252426332271
91276234603355
28656142863014
27654010293963
99308404821393
96934751139744
96198019839140
35221001220808
29107197249800
50089714982500
99640725857499
13985628404989
43143333865007
92878678844379
94480620117973
27265922153887
77119524299573
10746854932244
29415239449281
98838782554684
55401541522220
87293238904308
56655537349609
52269594824624
68405526451609
58125370582578
28923140304900
73349911398744
23300814073519
22139684640979
59977529123481
82364261367256
19368571519126
86221420120843
32832949617866
70592299839268
78316822542928
88422983762905
57170355469583
7609223866013
11672497048957
86231338070806
93388627751007
64520447369140
2333715932980
63282653246871
22930679576337
80546300528443
11643916334930
87080619566853
86680653801381
60790874889052
65473291239234
41539111570968
27338158827727
53299787615735
78494210550571
10401540960261
53315425242197
58213227521592
4264221308725
25283163703264
26119268676314
62740212828522
28394769529594
13998359703292
62569797014583
88268938995614
73400787003470
49935924480705
77447826340131
78594315991787
1335832570358
73538832702311
6557381360556
64381935519822
94289829374226
12319509677027
94102300146698
98762811580170
15361641382802
87972754260158
36252487513304
14271784223666
91203691828181
73518872969695
99707207328960
11655096245515
90910391158103
61276805163537
33194348111081
80869071950632
39532446211487
24970805444414
59786118973351
1271621100476
28341755855124
40398449774188
89354162282076
98691339298559
21573275039072
80996611881911
63043714131104
49335817737155
22624581482133
93381004084596
37976088598986
56725067715999
51142922573955
30834714130796
12312590855302
89932358089591
51720199608533
62679919287484
80034748927719
36082412915596
17080804902980
77310625466050
73371773850072
14315445084469
19384245658501
1980264138804
26740535402750
81617773426225
54117542625985
49074935562483
87869747848865
80121218970583
24876029614931
57578275432194
59615147651916
1296114541128
59986606936299
64855770187041
39156653363341
63699504106443
71603259804244
22306814109747
30479937563472
60687269010778
60851511494735
48408265691462
96901743071595
21168719758479
6427327201526
96611913373
4704633109208
18760746590193
13972136262866
99918413654276
82575055905054
78773938760250
10457309805088
93303626035896
72732701103073
93719025490328
1701232299065
78192110044922
7959444305122
37012970767392
36697403736071
43438852158071
99404960683210
13352034698263
75208657621595
18575942415332
17871848252486
37711854580269
10188848653098
58669412012057
40088700450016
87326255767294
5136957872573
520981636915
68884939520774
20902369748693
32127221951696
63798180808569
58488389776001
71052536598274
52395032874331
88671484075980
26457878293705
73217298990519
552724926928
95306519230207
68049124417906
86642091549999
67031722412131
33129752116323
6421327315584
66974649258394
33060309174144
65131308374425
38170136342269
43283275481607
26313678860465
56133559501862
95863902481389
63834852538543
72492710390952
98684903796158
36742713981641
67161657741672
95629709518081
58620184407960
26431355738136
39763000310236
76456388918786
99301700287700
35501086941489
44130185818276
31624783613568
71934101290927
66331198142787
62475659811001
95704766090455
35924920444527
27721778010617
93759003325378
63943099101405
94716908514930
73864570365902
13479797303302
91642637043505
99602034454565
56352960352092
90412955415650
86572829765351
28239042250385
15695720465987
22382575159915
95552029313757
92800141359484
48464980489310
26680381640432
61068387430513
77862045153922
30976056111232
15804258541688
12909746179190
14613053703451
73986294457088
2364217539495
44101711594639
64700808088412
24331758356829
22678569377142
86623439909832
86556660030481
67354693535509
34197356470148
91093571437823
98040507731764
44286667128466
60725951002798
88147489902722
24505964913922
31797800242968
83594292600341
98288373152865
21544484627301
45501384937163
23529479741314
6773352764112
99164250942192
56829932322527
27328669278318
44517354042484
67658511476942
33343645241486
59629267061015
57518605252323
22804412913302
3702057798124
27750083089386
60214543938704
648944276042
85716714887341
38204507304706
77927160596659
80259431643191
53476961312840
67060421957319
15336808302204
97564554010878
57460080344235
19404538995094
44233404806863
46841183213166
37785601097030
29763503219227
80160164794596
32995708607186
31442381178893
45435238605760
47002741694695
16004001005351
56847679065820
1279913713952
67728693465639
50528921812129
67799040154854
1170718875065
12393168843116
89162902406101
8858964232694
66743011918579
69024945602626
23480387715655
85226264463105
98819646917055
80534181941550
95076511765094
37865533650494
17394768171392
24776095240089
33948018623285
2849437940837
26409341226316
51114677215492
98270248016454
87594611437326
37320386567392
57264740622417
40858871114723
69253894996295
43175815360606
50064313380235
78152988226336
27200183017942
57848519014687
76434953519701
32693276997835
55179733098450
13999394619247
79118185684233
53432861916196
13830773806529
32575624553497
61842147521187
3289483710426
46047728105635
94561600244790
42436097110247
54688171488778
21799934357071
69122999287783
99670281265574
53339803998402
8393339383849
44281472793963
24556351103377
24815279492324
73786926876721
93958200651597
20211930878487
43350293739977
68225032026915
75854644052789
75717186667935
26550180540131
2341490069005
30082539644748
99207285179994
86119323558592
31368764351671
77464226527807
12235826999058
6152374048966
5865138013703
49008319496243
5349378311991
61857349817060
21883472591914
21549117499744
29298337531129
3711685734056
81510577834776
15833089151422
47617531497855
10382742861742
42469015101232
71988717794494
75444292835294
23995691002007
69847182819246
83507498698870
87571451690378
82257747675741
17544351588352
71673446261074
15066815724167
62765476234166
47357151094699
75335362638946
6269503974273
37138570623317
65456102456929
29430966274530
53920520923339
38975748329912
81935498227587
76535248718001
41550826254472
96620020418893
69493757076896
88148727623685
68669210912666
72184370182262
50053608699944
79736428695593
55812957798427
55934881922817
2663249178186
78653605407232
734145241397
19207285332753
3275776985621
2919692707952
56983473033743
32586395345986
60591718832301
55824736689753
5554250144237
68497219168407
36997037432097
7526842841947
46242984262887
51271930027589
42967317451193
50460816124084
6458970792772
17962820527530
61661055745084
4479398957182
15563735958834
64454929572272
47719995904971
19470990192652
89730352776634
39766577186022
20867864452992
47301386377029
68720066618664
43400535770303
20032282301102
93686954953080
10971034719872
40124554584948
30635995679217
20263609548121
27678996777113
95863592718244
53368998108390
98338482919710
28640228416243
39682507700582
40940640820368
87951877040787
14540157145643
22222596664530
45488272686685
48814622631088
34146952339965
86209871149327
25485490618419
65304581812982
63598679290603
730835400263
49682176917212
49197600782793
4451556655166
59577826196588
42784388255873
3586434593759
46831248437829
6040533288115
32831566679743
18405330122882
46982800112726
54836187059296
65645333580902
2884391064746
16309866075691
89053443290682
40016736122343
33790558044673
56708544877129
72616597874597
10452220183579
32265292695070
50462693037853
49156563934209
52808057503881
10572159704866
23785846104505
4736652454426
72067005334214
46778341252513
45981913887240
39865655754612
39307294918146
86105778110834
39169792173464
19402878581096
42613524181394
55457573163700
81976428745336
66689743424712
6259182764777
97589293375849
94569269874120
18020181086915
68750640173369
57998512291789
74517128952895
59083756771717
20130017895655
37904828688823
88759313153410
88053945154644
90378638799831
98109608420339
1166531764014
13601464828652
14390100911433
94867727634747
94938041071499
34082470335910
74739226900815
20001449717684
31327039288504
14276005034451
77277255910000
82821921131511
40133523637944
94567496129030
36909672460821
51047979072263
50119381256166
76436214312332
59073673821453
66658159167333
90677492997504
12121077674049
18719745926043
44745937789208
67865598348648
55500031234602
22067968352954
88736230952631
4035305160223
37639643212104
39395578279800
19645092901860
67048820783629
86560976864225
34619248030289
88841608942040
80492371326193
92006901490041
48730246040100
7943754141298
17073946259863
12508959610661
2496538689262
15602542955299
58924107069243
22627169951851
52224380600075
16239293490292
67431482133473
20267081930414
90687109119572
80926617467960
25909075299930
80919340767544
94021981641513
954227489458
84878254231471
69591513529063
86876455569190
29510697895401
47286935987405
77882302696446
53354501515290
96637637679052
6480607395768
91775682340972
96974505447035
36696444043695
26567450539732
71251388462498
23311965562634
247129215362
88036614924846
55847787017276
54177244034284
75739298200662
26879445538177
90343603332787
57005494493350
84686804694712
42572680734516
32301098944613
21952679323136
77081572409185
86679737116674
97673313320377
96943914720742
82153426587679
32996319495712
93074054890879
21612552723585
6845532371153
51940090620237
24059617833739
26365915652511
70344032291485
63647129793625
85424535699930
32727789912073
85338016980719
1892827947799
274434602209
90049626286853
19346858613086
82220434803938
32491166385104
92684639395820
5604805979061
12210693908772
5997583353408
58762677872282
80636423828882
93628042018623
12511920005110
47562142984419
59465563148280
84696224245413
85522844236632
12755543913213
7698975264638
55431540485053
24562855139713
96256027427569
27380635370312
45677238528275
67521120018213
37698433959518
43958732236238
58503458639771
70412361282189
70267521374541
95390224048815
21111998707858
59509001906560
79933251990036
28165942680148
27955515457636
41436079814960
80796248390686
87136078300452
32810905438207
44681897096526
59250215581502
67091647361881
37116567152938
27615994284695
58247341421894
39148677212682
32463210204458
56074345185317
65329980536376
54743247615423
42557530996012
56796855711666
90185853159656
35523592265405
86712672230017
82888952980190
88681300313640
40096356663158
21531658114989
11881984207941
55965368853659
16781567668346
63987340891198
83301547334427
51698837707642
82951115924316
52087870145499
77748092548204
43566491940974
77006002244022
35282468855164
46653129643975
49453096452952
72887746938366
32761055184667
48260329317114
43262411364280
72014754274020
12029471919285
73718870888716
79904580697665
46315768183608
10910820583351
66098845388764
95103042206786
74681484630072
2501638110804
61589276767521
38603161431518
12183862429582
97627001260677
80627166315306
68431441876014
19904791311475
86549606963633
71982210029173
26687778142202
44389187785169
63560933437313
5183891870569
94689928106915
89939778792779
85037441843009
96269933941587
36188984647829
59317747096643
59394192426291
37324910022489
9566614859013
12953903642635
6262755192311
4825447504982
46353216259409
29114421154392
45299459222102
3672175724304
24130505787452
43636993262626
38269227222624
93956611712745
85251366880445
16456011253880
25137780885141
65625445589084
99700632778278
20846669625504
58279210213198
58865841428398
1612714791628
90772754711726
61613781416751
64306177239066
28438266127710
64467410604632
46238836233054
20875559783792
76345385366063
77772110534936
22607611372509
78922160252655
65650234536599
62965168994477
90538303330051
41357193239527
14928073091931
57708587548005
46857641890813
16507588448156
91333435592780
92318284327565
42642025853799
12340752883764
47944707776128
39243124474615
82522950952876
59732499178573
19930196021607
98139707223092
91592867370097
25142043936079
94692188358378
31806960277140
79122159450038
42515534946049
57459328080453
51148054605937
91141751410643
79884811979522
87099573743826
55132171808640
8228044455424
94077000714747
99325327236626
35771480738520
38077859472568
95827432764352
22711240127512
76421431560717
69425781943420
86856049203338
74811318861492
77202862339144
10001712111054
2014757307818
13302700426775
78835413261800
75134692931637
82186245080652
64193774507633
69147920019753
55489610770105
50294625823450
94117730335257
37565160601047
55805778554432
61565902317665
72089857892175
18018733501208
64804135086528
55784001727653
49443129783142
21179724684458
16852266346180
35780814940442
93292437994363
95226701498107
96326147644313
7951679006462
68517461616124
43471352957647
59960080884296
72379584925069
20022022271387
65395988834710
54013473412701
12600080916019
86096620473495
28901458676263
99318930550477
66714803915366
16903202616692
82520266104041
19221535041807
40166822321919
10125111497490
2972179652092
12406352844991
86110062775082
79730646503496
26100525366411
98452064799787
4945088964220
29666979722328
68159684696497
42394550096512
41130772837474
61841366264738
22517099024084
91046129293434
33313793874929
32560939343666
20811437400469
27092369784503
55039981001846
96552852578258
38532911390898
82674616503396
96441215666858
44148130089469
38482266511696
6267073601359
449097420971
49944753012623
85132812078085
63207710341776
63326814359121
44466040842577
55522563264229
28389051605126
75472713718063
91106764034836
48084279070207
77328727583446
43844437518564
39623888360678
7179787026979
74347863141581
31260896617592
73254674947250
43086329312724
38157189331256
76176793805961
81152668055725
45398010892145
67409831590147
3148779193937
30652887374474
50087826056653
